461.616931529767,466.561421490744,0,10095.3056520526,10.7068668637352
460.493853276476,465.867301286575,0,10075.1974460392,10.7069614766101
459.372308745451,465.417621692762,0,10055.9001172406,10.707072786992
458.251099138028,464.982258766592,0,10037.2591860187,10.7072119266677
457.129888112307,464.565521234162,0,10019.3321037032,10.707358489167
456.008115535218,464.159973025034,0,10001.7308553652,10.7075050537603
454.885137985405,463.755795840091,0,9983.93048146099,10.7076534757354
453.760416426786,463.34408752317,0,9965.77145371097,10.7077981892287
452.633452718579,462.924601994293,0,9947.5184381454,10.7079429047634
451.503760260657,462.508018167774,0,9929.54939947627,10.7080876223395
450.370974229307,462.10071301759,0,9912.19347880117,10.708232341957
449.234894036724,461.709786425673,0,9895.44591287989,10.7083770636161
448.095462871633,461.326876427723,0,9878.80078242568,10.708518076427
446.952648125418,460.944859566139,0,9862.46431517042,10.7086572357065
445.806693482968,460.576167295409,0,9846.71746936569,10.7087945413788
444.657644493681,460.218175699954,0,9831.44027254987,10.7089281378509
443.505968193392,459.868262830953,0,9816.36361099826,10.70905988052
442.352260073817,459.519184232397,0,9801.08879354142,10.709187913749
441.196891923607,459.163111267452,0,9785.75244809687,10.7093103818109
440.040013217736,458.811029743169,0,9770.69166135835,10.7094291401155
438.882018942191,458.462609167787,0,9755.56972471741,10.7095478997948
437.723507930862,458.108907631658,0,9740.21847580385,10.7096648051968
436.564891786678,457.751243075504,0,9724.7657563315,10.709783567604
435.406472869912,457.389577984959,0,9709.17484029266,10.709898619997
434.248726836267,457.026740955459,0,9693.54807403986,10.7100173851108
433.091802889843,456.66122377239,0,9677.68566268007,10.7101324401258
431.936024410335,456.283335618161,0,9661.0654587996,10.7102493521884
430.781512605389,455.885866975267,0,9643.53336816502,10.7103662655832
429.628536927249,455.465413937632,0,9625.22610879259,10.7104831803103
428.477203834362,455.034095785017,0,9606.87713450973,10.7105982405488
427.327673940544,454.610407752824,0,9589.10013917275,10.7107170137612
426.180123708829,454.201240179599,0,9571.84699397464,10.7108339324851
425.034740111632,453.799703464232,0,9556.02888046706,10.7109508525413
423.891717652939,453.459134708801,0,9541.53073458723,10.7110714857418
422.751255596394,453.118661398645,0,9526.98413264682,10.7111902644327
421.613555481845,452.77750784493,0,9512.52525501209,10.711310900448
420.478824715988,452.441300157102,0,9498.37905415252,10.7114315378816
419.347233694698,452.112269765411,0,9484.48699903651,10.711554032727
418.218954840173,451.78623325118,0,9470.52953261568,10.7116746730193
417.094143021384,451.453640469021,0,9456.18589617661,10.7117990268051
415.97291935039,451.112245778225,0,9441.60725161084,10.711923382098
414.855394636811,450.767327768818,0,9426.9740729006,10.712047738898
413.741651646001,450.42056142412,0,9412.22888151335,10.7121739533107
412.631748417757,450.073086854098,0,9397.50506235706,10.7123001692759
411.525721068307,449.723995187316,0,9382.5896588316,10.7124282429451
410.423584966047,449.36554456089,0,9367.1722957372,10.7125544620382
409.325341183488,448.993365177051,0,9351.27504945488,10.7126825388814
408.230965197997,448.6115911206,0,9334.79404752643,10.7128106173233
407.140022828629,448.215527996883,0,9317.9507983923,10.712940553608
406.05112149082,447.811343656496,0,9300.89982600417,10.713070491538
404.964295904294,447.405692009502,0,9284.03508202778,10.7132004311134
403.879641806591,447.012318349011,0,9267.57316316548,10.7133303723343
402.797236720611,446.620810898185,0,9251.22369124403,10.7134621715391
401.71716353782,446.231635584707,0,9234.80775786063,10.7135939724368
400.639496071586,445.83622540585,0,9218.00775287871,10.7137257750273
399.564308546781,445.428532555316,0,9200.70396443224,10.7138575793107
398.49166741838,445.010434891007,0,9183.02547879459,10.7139912417213
397.421638855074,444.583392817925,0,9165.34534320969,10.7141249058729
396.354284573906,444.206485295329,0,9151.2303388376,10.7142585717654
395.289664305773,443.865983436723,0,9136.89661619544,10.7143940959062
394.227830765145,443.518885313279,0,9122.21975967276,10.7145296218368
393.168835664939,443.162560857921,0,9107.1650268893,10.7146651495572
392.112725577627,442.797729040168,0,9091.96375414811,10.7148006790675
391.059542377484,442.43323231041,0,9076.78789142997,10.7149362103676
390.009326174982,442.0702585384,0,9061.85671758407,10.7150736000877
388.962104272965,441.714887339204,0,9047.24423640256,10.7152128483025
387.917909416852,441.368199848965,0,9033.03619820415,10.7153502417262
386.876766795914,441.029297980355,0,9018.98126051063,10.7154876369893
385.838698626582,440.689796674731,0,9004.80292255408,10.715626890822
384.80372963864,440.343163160023,0,8990.21192595561,10.7157680033
383.771872005742,439.984630655333,0,8975.10786006507,10.715907260937
382.743144822414,439.613194587857,0,8959.51770257705,10.7160483772701
381.717562978288,439.230830791178,0,8943.52549237083,10.7161894955435
380.695140231408,438.838994517241,0,8927.1346455334,10.7163306157574
379.675889259736,438.435916152918,0,8910.3085506669,10.7164735947951
378.659822282796,438.022730157933,0,8893.15855006292,10.7166147189155
377.646954194172,437.603124452135,0,8875.80062005948,10.7167595588463
376.63728815353,437.178995454098,0,8858.34636197228,10.7169025438598
375.630836421828,436.754248548975,0,8840.91950417554,10.7170473878525
374.62762566417,436.328942861574,0,8823.44255901757,10.717190376876
373.627707422731,435.900865296188,0,8805.79124353151,10.7173333678916
372.631147272875,435.466845362124,0,8789.0569470945,10.7174763608993
371.638020959214,435.10277762541,0,8774.90816279303,10.7176212129903
370.648320839913,434.756722433381,0,8761.58401760284,10.7177642100083
369.661906345759,434.479137286495,0,8751.31786816276,10.7179090661617
368.678626907502,434.228827641274,0,8741.05343393388,10.7180520671901
367.69832350491,433.977976353814,0,8730.70517020533,10.718195070211
366.720828671648,433.722745431501,0,8720.15066119854,10.7183399324452
365.745962650611,433.461812769507,0,8709.32597454812,10.7184829394768
364.773530954583,433.19282898747,0,8698.1803588121,10.7186259485008
363.803325926969,432.918164824803,0,8686.960389707,10.7187708168164
362.835130170178,432.643421905375,0,8675.78870965634,10.7189138298513
361.868719270684,432.37167537509,0,8664.88361840288,10.7190568448789
360.903866586467,432.108010840981,0,8654.24810188916,10.7192017192762
359.940349038101,431.8492487995,0,8643.76172937616,10.719344738315
358.977951910815,431.592435684413,0,8633.3245117726,10.7194877593465
358.016472843706,431.336241249936,0,8622.85930151225,10.7196326398258
357.055752208017,431.081271147837,0,8612.59569124982,10.7197756648688
356.095918578258,430.827616132762,0,8602.18132810644,10.7199186919046
355.13687228314,430.56841382652,0,8591.50191138149,10.7200635784663
354.178466238621,430.300491522938,0,8580.47518271045,10.7202066095139
353.22057330749,430.024388922161,0,8569.0636683373,10.7203496425545
352.263087746776,429.737670253541,0,8557.22533008619,10.720492677588
351.305921432365,429.440044938717,0,8545.03093532613,10.7206375722515
350.348997859636,429.134877972955,0,8532.617934037,10.7207806112971
349.392251311176,428.827277760083,0,8520.17787628225,10.7209255100249
348.435622358405,428.518624866369,0,8507.75505110377,10.7210685530827
347.479053420662,428.212451805804,0,8495.52596674359,10.7212115981338
346.522486187193,427.912970688251,0,8483.60775592551,10.7213546451782
345.565860063473,427.620345241531,0,8471.91009214695,10.7214995520087
344.609108209266,427.330745594551,0,8460.25973611721,10.7216426030656
343.652160379724,427.04105231534,0,8448.58490867051,10.7217875139609
342.694934608585,426.750768702011,0,8436.92382899194,10.7219305690306
341.737346389237,426.46090768866,0,8425.29824909568,10.7220736260937
340.779306039386,426.17150274344,0,8413.68240682187,10.7222166851504
339.820724598907,425.881993039183,0,8402.057017855,10.7223616041495
338.861513876777,425.592813370803,0,8390.4515098352,10.7225046672192
337.901590707072,425.30132658013,0,8378.66615488986,10.7226495902835
336.94087936653,425.00354924101,0,8366.60810071498,10.7227926573665
335.979313134097,424.699464215154,0,8354.3819574099,10.7229357264432
335.016836345569,424.391825800535,0,8342.0535501691,10.7230787975137
334.053404774123,424.082345403711,0,8329.64029221574,10.7232237286829
333.088914997808,423.76957461171,0,8317.14179930941,10.7233668037669
332.123245440486,423.456164722667,0,8304.65100160672,10.7235117390019
331.156391049107,423.142317825923,0,8292.13231226278,10.7236548180997
330.188357027713,422.826550527812,0,8279.50740164006,10.7237978991915
329.21915426887,422.507355417379,0,8266.72838372353,10.7239428405123
328.248803294867,422.185076582634,0,8253.91816426651,10.7240859256181
327.277324909386,421.862094330706,0,8241.086608371,10.724229012718
326.304746559751,421.537671759282,0,8228.18412374973,10.7243739601251
325.331093257031,421.211883086161,0,8215.27005976683,10.7245170512392
324.356389629369,420.885906415258,0,8202.37206798501,10.7246620027128
323.380657920228,420.559961764112,0,8189.47142103163,10.7248050978414
322.403918932629,420.233444032056,0,8176.54707483295,10.7249481949642
321.426188805278,419.907040593466,0,8163.7337760916,10.7250912940815
320.447483343282,419.584212946895,0,8151.07168876636,10.7252362536623
319.467815513149,419.266222965777,0,8138.61764965591,10.7253793567943
318.487196808869,418.952088760643,0,8126.31220653164,10.725524320442
317.505641082088,418.641357740874,0,8114.11691950657,10.7256674275889
316.523161744094,418.332732793256,0,8101.96939119638,10.7258105367304
315.53977757893,418.023532787211,0,8089.7977424562,10.7259555064658
314.555511908031,417.713310245659,0,8077.59025552776,10.7260986196225
313.570393533248,417.402747876046,0,8065.41366318287,10.7262417347739
312.584456900548,417.093952659413,0,8053.37654427532,10.7263867105973
311.597745612863,416.789356156031,0,8041.52309774887,10.7265298297641
310.610309509411,416.489791994117,0,8029.90235463402,10.7266748096553
309.622204930777,416.196492283387,0,8018.54410204513,10.7268179328377
308.633495345822,415.910046988675,0,8007.45344938361,10.726961058015
307.644249790122,415.629764643329,0,7996.60143118922,10.7271041851872
306.654546052722,415.355125847491,0,7985.94989155454,10.7272491731879
305.664561403774,415.085038875587,0,7975.45848772791,10.7274034575395
304.674659019812,414.817868747217,0,7965.00924040924,10.7275614619889
303.684963783796,414.551256250191,0,7953.97480139427,10.7277176099509
302.695827012728,414.260331728605,0,7942.93603987363,10.7278756192341
301.707092060814,413.977600899953,0,7931.92295756016,10.7280317719733
300.717093472565,413.695619672257,0,7920.94559998147,10.7281897860907
299.725732480723,413.414345850758,0,7910.00303580461,10.7283478026396
298.733065774016,413.133751478407,0,7899.08638847829,10.72850582162
297.739206584738,412.844494725255,0,7887.50897498277,10.7286619839424
296.744388254018,412.547005064427,0,7875.96972458891,10.7288200077573
295.748828277842,412.250337048381,0,7864.4684258817,10.7289761748575
294.752830951702,411.954423837474,0,7853.00485515688,10.7291342035073
293.756767914523,411.65930279645,0,7841.58037665952,10.7292940937925
292.761077801552,411.368424808556,0,7830.57155195705,10.7294521273346
291.766198083104,411.07900575623,0,7819.05100064515,10.7296083040476
290.772516323157,410.781694056912,0,7807.5690091342,10.7297644831357
289.780336447348,410.485132327732,0,7796.1257792447,10.7299169459651
288.789898090298,410.189355317081,0,7784.72132400679,10.7300694110579
287.801328388529,409.894294289612,0,7773.35533773398,10.7302200190425
286.814766155703,409.594863960717,0,7761.63248283556,10.7303706292358
285.830225309172,409.301738827662,0,7750.76837108796,10.7305193822119
284.847641146442,409.020142511585,0,7739.94082781486,10.7306662778902
283.866889235355,408.739258764922,0,7729.15031987522,10.7308150351486
282.887797693143,408.459130160453,0,7718.39571141312,10.7309619350556
281.910166337597,408.179777672713,0,7707.6775254315,10.7311069775316
280.933781606002,407.902152819328,0,7697.0763332533,10.7312520220559
279.958433200422,407.621849791528,0,7686.04507494438,10.7313989282133
278.983929333614,407.331501436148,0,7674.93485568278,10.7315439768607
278.010118709817,407.041922320711,0,7663.86223506345,10.7316890275566
277.036809082943,406.753159362573,0,7652.82829445344,10.7318359399648
276.063640147112,406.465275670125,0,7641.83275017503,10.7319847141653
275.090550945249,406.177969231128,0,7630.85724869615,10.7321334905208
274.117555793947,405.891135996354,0,7619.73110512516,10.7322841287764
273.144718480292,405.593405900908,0,7608.31871408864,10.732432909469
272.172113618727,405.294700665254,0,7596.94695717515,10.732583552116
271.199848156694,404.996814538183,0,7585.61677057238,10.7327341969723
270.228079611401,404.699816851786,0,7574.32663441927,10.7328829841844
269.256996416338,404.405157070833,0,7563.34746507904,10.7330336334325
268.286795065997,404.121212020955,0,7552.56660343416,10.7331824249821
267.317684489709,403.832934734884,0,7541.23151086154,10.7333312186872
266.349880241437,403.529432730138,0,7529.732937022,10.7334800145476
265.383598642643,403.226836274317,0,7518.27662043564,10.7336288125636
264.419061523015,402.925118335115,0,7506.86181868694,10.733777612735
263.456475095678,402.624268018164,0,7495.50710480439,10.7339264150621
262.496043203219,402.325931280984,0,7484.26302058308,10.7340733594754
261.53796270374,402.029120871056,0,7473.05994947045,10.7342221660868
260.582479794459,401.736763337896,0,7462.18949186138,10.7343709748538
259.630089784899,401.450281759142,0,7451.38657165528,10.7345235060774
258.681026674222,401.164659247362,0,7440.62298956094,10.7346741793877
257.735754677674,400.879905775632,0,7429.89880458557,10.7348248549082
256.794569672856,400.596309579678,0,7419.31988611829,10.7349773928715
255.857724108112,400.318246650145,0,7408.86183975928,10.7351280728395
254.925550473118,400.040982829397,0,7398.44082553778,10.7352750344436
253.998216968056,399.762550785509,0,7387.88938335481,10.7354219981501
253.07572912928,399.481712258262,0,7377.35076705785,10.7355689639592
252.158175570948,399.201650714304,0,7366.8512304913,10.7357177922376
251.245628659258,398.922411354352,0,7356.3889199337,10.7358647622785
250.338133513964,398.641891708243,0,7345.71407443332,10.736011734422
249.435719473392,398.355040566505,0,7334.9831392566,10.7361605691153
248.53840315232,398.068984779418,0,7324.29184827348,10.7363075454909
247.646192945258,397.784511380239,0,7313.81161909399,10.7364545239693
246.759088475034,397.507979872889,0,7303.48625966336,10.7366033650777
245.877090514652,397.232269258951,0,7293.19832182431,10.7367503477885
245.000197207504,396.957310079297,0,7282.9471754065,10.7368991931829
244.128410597129,396.685674199248,0,7273.09705759422,10.7370480407339
243.261735631623,396.427057214098,0,7263.46241699776,10.7371950298068
242.4001840307,396.169233227726,0,7253.86191245634,10.7373438816441
241.543772662673,395.912130168207,0,7244.28313700552,10.7374927356381
240.692523890279,395.653085988019,0,7234.57578277099,10.7376397310736
239.84646646716,395.39277725683,0,7224.90332357574,10.7377885893542
239.00563067976,395.133180580118,0,7215.26338195207,10.7379374497916
238.17005922206,394.874331212881,0,7205.62583896017,10.7380863123858
237.339796782529,394.614186309409,0,7195.96844014176,10.738235177137
236.514891663916,394.354497427118,0,7186.34411660337,10.7383840440452
235.695396188894,394.095513612914,0,7176.75292422972,10.7385329131104
234.881364710722,393.83727505724,0,7167.11226985871,10.7386817843327
234.072852956738,393.573363007378,0,7157.28513922892,10.7388306577121
233.269914309524,393.308346233919,0,7147.49280993664,10.7389795332486
232.472603996366,393.044060530203,0,7137.73378157278,10.7391284109424
231.680853249685,392.779664270247,0,7127.92691196699,10.7392810128173
230.89471482813,392.514230349074,0,7118.13685648842,10.7394336169588
230.114363985484,392.249480936733,0,7108.38004946685,10.7395862233668
229.339911464635,391.985522312942,0,7098.6560007208,10.7397406931369
228.571345882208,391.722291710316,0,7088.92511770362,10.7398951652292
227.808705048572,391.455917451867,0,7079.06738163019,10.7400477784926
227.052024263612,391.188652623412,0,7069.24276637204,10.740204116381
226.301337089587,390.922128184203,0,7059.45305089699,10.7403585954405
225.556665583272,390.65819604081,0,7049.82931159681,10.7405149380582
224.81810540809,390.396762368478,0,7040.23774019792,10.7406694217908
224.086727733439,390.136079702872,0,7030.67849355144,10.7408257691379
223.364108802849,389.876056124389,0,7021.14991615515,10.7409821188639
222.651689343261,389.616744815284,0,7011.65228491847,10.7411384709691
221.950760588158,389.360295449057,0,7002.38748754002,10.7412948254532
221.262477758307,389.10902069872,0,6993.1940369315,10.7414511823165
220.587850351609,388.858387483766,0,6984.02847866109,10.7416094029929
219.927736479552,388.608511355107,0,6974.90449624066,10.7417676261055
219.282815791931,388.359510574709,0,6965.80924033839,10.7419258516544
218.6536052372,388.111113134335,0,6956.74026133178,10.7420840796396
218.040500393029,387.863254740437,0,6947.696762993,10.7422423100612
217.443797639091,387.615926942741,0,6938.67933881178,10.7424024044968
216.863697734125,387.369177121994,0,6929.70842928451,10.7425643630335
216.300298858697,387.125621086126,0,6920.88983335206,10.7427244624865
215.753659832346,386.88400965952,0,6912.092862088,10.7428845644338
215.22390396203,386.642612384015,0,6903.139174585,10.743040945488
214.710984378706,386.392355450055,0,6894.04536845651,10.7431991906438
214.214683291173,386.14259341097,0,6884.9735835254,10.7433555764859
213.734867004746,385.893236476058,0,6875.92306574399,10.7435138264867
213.271383977586,385.644270386555,0,6866.89220912976,10.7436702171168
212.8240847542,385.395727984286,0,6857.88185978809,10.7438284719628
212.392774635877,385.147512884527,0,6848.86125285842,10.7439848673812
211.977211606025,384.896638232991,0,6839.72790387599,10.7441412651797
211.577143452093,384.644657724501,0,6830.61284589628,10.7442976653584
211.192278015302,384.393557249689,0,6821.56504543661,10.7444522059679
210.822291720829,384.143827341773,0,6812.5411679484,10.7446067489014
210.466828559041,383.894325381033,0,6803.53323906404,10.7447612941588
210.125509630991,383.645097215638,0,6794.54035912151,10.7449158417402
209.79795355412,383.396094708107,0,6785.56280483759,10.7450685295848
209.483726234776,383.147344511751,0,6776.59871327609,10.7452230817863
209.182371789636,382.898790439156,0,6767.64832171926,10.7453757741955
208.893422171622,382.659745163518,0,6759.41293372028,10.7455284688732
208.616401773247,382.432451093508,0,6751.22876533354,10.7456811658195
208.350820880729,382.198551307475,0,6742.56695321365,10.7458338650344
208.096207274545,381.957526596444,0,6733.90540736879,10.745986566518
207.852098482111,381.716620027496,0,6725.25446497463,10.7461392702703
207.618036401889,381.475844990969,0,6716.61325994262,10.7462919762915
207.393576779105,381.235165861826,0,6707.98121814441,10.7464446845815
207.178292377341,380.99461600338,0,6699.35886408051,10.7465973951403
206.971774398024,380.754164243792,0,6690.74544334458,10.7467501079681
206.773636085358,380.513785592568,0,6682.43123926618,10.7469028230649
206.583513002776,380.290283414477,0,6674.44075988187,10.7470555404308
206.401064464558,380.065810840996,0,6666.34186658612,10.7472082600657
206.225975675777,379.83908322477,0,6658.23406730196,10.7473609819698
206.057954561839,379.612383566548,0,6650.13199901616,10.7475137061431
205.896734097924,379.385707793976,0,6642.03642395057,10.7476664325856
205.742070733639,379.159076281457,0,6633.94604359835,10.7478191612974
205.593741584618,378.93249174572,0,6625.86179643928,10.7479718922786
205.451544969642,378.705886699855,0,6617.78286308132,10.7481264881438
205.315297638438,378.479285114344,0,6609.70918571285,10.7482792236915
205.184832494237,378.253577809047,0,6601.71917472756,10.7484319615086
205.05999725718,378.029638768976,0,6593.72437456471,10.7485865642934
204.940651196172,377.804440819625,0,6585.71451163746,10.7487393066774
204.826663501807,377.579273203324,0,6577.70918783487,10.748892051331
204.717911185539,377.354041930426,0,6569.70752401615,10.7490447982544
204.614276897511,377.12878394234,0,6561.70957880572,10.7491994102566
204.515646482097,376.903498462594,0,6553.71574875421,10.7493521617472
204.421907772687,376.678154001139,0,6545.72503880085,10.7495049155076
204.332947967993,376.452776680048,0,6537.73736156838,10.749657671538
204.248652592565,376.227347446457,0,6529.75271922082,10.7498104298383
204.168906974462,376.001777070598,0,6521.72164179187,10.7499631904086
204.093591910331,375.769671282146,0,6513.37867812067,10.750115953249
204.022584129179,375.533598796117,0,6505.03952475567,10.7502668553567
203.955758633612,375.29750140437,0,6496.70287644293,10.7504196227096
203.89298548875,375.061335137651,0,6488.36882422992,10.7505705292749
203.834130975422,374.825059430629,0,6480.03784918098,10.7507233011407
203.779062041851,374.58869118968,0,6471.70895622205,10.7508742121638
203.727639832179,374.35225314404,0,6463.38223313272,10.7510251254023
203.679728177299,374.115708832785,0,6455.05756768829,10.7511760408561
203.635189896286,373.879053555043,0,6446.73500928737,10.7513269585254
203.593888908124,373.635674042937,0,6437.98993233521,10.7514778784101
203.555692501383,373.387641396341,0,6429.28310639388,10.7516288005104
203.520471821297,373.139499357218,0,6420.57853394747,10.7517797248262
203.488103022586,372.891225057858,0,6411.87586870627,10.7519306513576
203.458467173108,372.64283329006,0,6403.17492488248,10.7520815801047
203.431452199571,372.394342492781,0,6394.47598268592,10.7522325110675
203.406954469041,372.145729915048,0,6385.77892786975,10.75238158086
203.384876428142,371.8970002134,0,6377.08310732152,10.752532516227
203.365129044832,371.648097531269,0,6368.38840916625,10.7526834538098
203.347631848096,371.399082483394,0,6359.69595928327,10.7528325301408
203.332312179381,371.157289018819,0,6351.77034163475,10.7529834721282
203.319104890069,370.937685930609,0,6344.10308563174,10.7531344163315
203.307953007162,370.717940346653,0,6336.43559044087,10.7532834992014
203.298806160901,370.498061180546,0,6328.76705236512,10.7534344478096
203.291619841587,370.278008365761,0,6321.09895292984,10.7535853986339
203.286355428567,370.057821737155,0,6313.4299250195,10.7537344880431
203.282978592604,369.83749388256,0,6305.76075877505,10.7538854432725
203.281458814588,369.616978547745,0,6298.0905483336,10.7540345370325
203.281768323873,369.396336665027,0,6290.41992113681,10.7541854966672
203.283881178157,369.175500835485,0,6282.748729332,10.7543364585183
203.287772214718,368.949590762633,0,6274.75059775042,10.7544855588184
203.293416787421,368.719861397592,0,6266.8015781719,10.754636525075
203.300789033065,368.49052760507,0,6258.85237428988,10.7547856297263
203.309861916273,368.260985376187,0,6250.90274499077,10.7549366003887
203.320606219012,368.031327048019,0,6242.95228718419,10.7550857093915
203.332991829002,367.801450042468,0,6235.00114356016,10.7552348205566
203.346983728099,367.571392529982,0,6227.04881850758,10.7553839338841
203.362546472603,367.341174835575,0,6219.09530599846,10.7555349133312
203.379640195418,367.110790956694,0,6211.14137976069,10.7556821670261
203.39822274373,366.88018082459,0,6203.18618398684,10.7558331508522
203.418250620606,366.650053066426,0,6195.28510942415,10.7559804088181
203.439676785093,366.413622766586,0,6186.86625623703,10.7561313970233
203.462453804821,366.16832158104,0,6178.42532739183,10.7562786592603
203.486532203785,365.922781006478,0,6169.98367284494,10.7564277877254
203.511862434996,365.677090272188,0,6161.54116410168,10.7565769183532
203.538395367843,365.431179294684,0,6153.09773648356,10.7567241869705
203.566081574902,365.185053935409,0,6144.65353392356,10.7568733218969
203.594873716299,364.93874784336,0,6136.20858960541,10.7570224589861
203.624724948277,364.692249337439,0,6127.76243801788,10.7571697339841
203.655591847002,364.445524300759,0,6119.315762616,10.7573188753721
203.68743241632,364.199778552845,0,6111.05775595771,10.7574680189231
203.720207262025,363.961578443307,0,6102.70991996292,10.7576153003024
203.753881792768,363.709078998377,0,6094.00997690007,10.7577644481524
203.78842412688,363.454143411175,0,6085.30958141945,10.7579117337771
203.823805269834,363.19901679599,0,6076.60839292174,10.7580590215112
203.8600016352,362.943705028549,0,6067.90624693502,10.7582081757968
203.896991384433,362.688171799919,0,6059.20361056936,10.7583554677766
203.934756704889,362.432379707542,0,6050.49962584337,10.758502761866
203.973283386237,362.17640078018,0,6041.7947303633,10.7586519225874
204.012558426223,361.920212459489,0,6033.08846208453,10.7587992209228
204.052572047141,361.663775653734,0,6024.56150770246,10.7589465213679
204.093315866344,361.420297964479,0,6016.37865831307,10.7590956885256
204.134783512373,361.180498768707,0,6008.48118521133,10.759242993217
204.17696856154,360.953366287154,0,6000.77483059431,10.7593903000182
204.219865201678,360.726018348425,0,5993.06643816363,10.7595376089294
204.263467658442,360.498443097821,0,5985.35573755077,10.7596867846604
204.307769663378,360.270673892638,0,5977.64193313778,10.7598340978182
204.352763553868,360.042670237555,0,5969.92644823773,10.7599814130859
204.398440749782,359.814442446823,0,5962.20866422227,10.7601287304638
204.444790913578,359.585994095435,0,5954.48813800293,10.7602760499518
204.491801956363,359.357358286653,0,5946.76550039125,10.7604233715499
204.539460016408,359.125980474388,0,5938.86545038456,10.7605706952583
204.587785095029,358.891232370732,0,5930.94985316473,10.7607161561799
204.636759271665,358.658365015708,0,5923.22016183531,10.7608616191587
204.686327939195,358.430091931797,0,5915.53172135667,10.7610070841949
204.736470571424,358.201584668835,0,5907.84145441651,10.7611525512883
204.787165035648,357.972853735388,0,5900.14827872801,10.761298020439
204.838388453915,357.743886998441,0,5892.45252061274,10.7614434916472
204.890118322698,357.514693583101,0,5884.75393640262,10.7615889649127
204.942331548607,357.285266036005,0,5877.05268519337,10.7617344402358
204.995005188759,357.055600349933,0,5869.34934155759,10.7618799176164
205.04811718745,356.825698460985,0,5861.63297054917,10.7620253970545
205.101646168109,356.594907238296,0,5853.89962862688,10.7621708785502
205.155571993712,356.363801157206,0,5846.16408727749,10.7623163621036
205.209875529354,356.129321751701,0,5838.16938945313,10.7624599825016
205.264538729681,355.888550006914,0,5830.12438748777,10.762605470144
205.319545988615,355.647545214315,0,5822.0779429063,10.7627509598442
205.374882563551,355.40630105211,0,5814.02782610687,10.7628964516023
205.430535424193,355.164824548326,0,5805.97591048887,10.7630400800998
205.48649354487,354.923063876186,0,5797.92143018031,10.7631855759473
205.542747030628,354.681078221532,0,5789.86504144187,10.7633310738527
205.59928752388,354.438830488081,0,5781.80506081041,10.7634747084189
205.656108173648,354.197417237594,0,5773.84295749175,10.7636183449907
205.713203154241,353.958593631142,0,5765.90800816601,10.7637638490175
205.770567863262,353.719582620207,0,5757.97084138298,10.7639074896267
205.828197795898,353.476967899435,0,5749.71472618287,10.7640529977433
205.886089818175,353.224804253225,0,5741.35771688982,10.7641985079182
205.944240537832,352.972355880126,0,5732.99883933051,10.7643421545969
206.00264663722,352.719707283887,0,5724.63676946913,10.7644858032814
206.061305120207,352.466749625918,0,5716.2730975356,10.7646313195784
206.120212567858,352.213543275452,0,5707.90700168582,10.7647749723008
206.179364711607,351.960054290558,0,5699.53837549663,10.7649186270292
206.238757201761,351.706344623514,0,5691.17014818033,10.7650641494488
206.298384303752,351.454572476474,0,5682.93723873131,10.7652078082153
206.358239984451,351.204646484793,0,5674.70185969397,10.765351468988
206.41831718241,350.954426015743,0,5666.4639348546,10.7654951317669
206.478607967899,350.703939075761,0,5658.21994399489,10.7656387965519
206.539104031159,350.453024136944,0,5649.97149619425,10.7657824633432
206.599795324537,350.201816771431,0,5641.72024097003,10.7659279979825
206.660672460903,349.950374428833,0,5633.46632168267,10.7660716688125
206.721723951748,349.69864179152,0,5625.21009055176,10.766213475755
206.782938936294,349.446662953,0,5616.95146243973,10.7663571505717
206.84430612539,349.19440679274,0,5608.6900841801,10.7665026933408
206.905813940914,348.941877084984,0,5600.41903238266,10.7666445062244
206.967450613874,348.688155235436,0,5592.10630736896,10.7667881870606
207.02920470923,348.433625586293,0,5583.79064817983,10.7669318699033
207.091065588132,348.178867692031,0,5575.47265328222,10.7670755547527
207.153022302477,347.923826744167,0,5567.12825066596,10.7672192416087
207.215065101928,347.666411529837,0,5558.71610903507,10.7673610643695
207.27718503049,347.408071749412,0,5550.30155818956,10.7675047552129
207.339373391681,347.149440824568,0,5541.88440995489,10.7676484480631
207.401622679533,346.890511972838,0,5533.46506156155,10.7677902767403
207.463926108489,346.631343142629,0,5525.04295866855,10.7679339735781
207.526277849694,346.371887291386,0,5516.61827041977,10.7680776724229
207.588672892844,346.112135950718,0,5508.17220754235,10.7682195070169
207.651106832788,345.849624094926,0,5499.62211328256,10.7683632098495
207.71357584331,345.585594608001,0,5491.07070146117,10.7685069146892
207.776076998637,345.321270776203,0,5482.51574785309,10.7686487552004
207.838607813843,345.056630975097,0,5473.95908222522,10.768790597667
207.901165735673,344.793892390481,0,5465.56753296056,10.7689343084759
207.96374885321,344.534893601215,0,5457.20389512461,10.769076154879
208.026355510843,344.275635493383,0,5448.8382063295,10.7692198696763
208.088983497896,344.016065091265,0,5440.46976818051,10.769361720016
208.151630721788,343.756211246014,0,5432.09844632598,10.7695035723112
208.214294989812,343.496129941973,0,5423.72461505851,10.7696472930784
208.276973345214,343.235709564986,0,5415.34047079645,10.7697891493106
208.339662340007,342.972613801315,0,5406.82530382357,10.7699328740665
208.402358890922,342.707379858121,0,5398.30858331535,10.7700747342358
208.465058581343,342.441831019535,0,5389.78890304535,10.7702165963608
208.527756509449,342.17598803801,0,5381.26730609441,10.7703603270872
208.590447070599,341.909889370868,0,5372.82115054084,10.7705021931495
208.653125154471,341.649859699212,0,5364.54480291263,10.7706440611677
208.715784115715,341.391082824642,0,5356.26601446653,10.7707859311418
208.778417307653,341.132013737424,0,5347.98441231751,10.7709278030718
208.841016949264,340.872634326814,0,5339.70062854374,10.7710696769578
208.90357685194,340.612967554486,0,5331.41401304735,10.7712115527998
208.966089224081,340.353033583509,0,5323.12414739304,10.7713534305978
209.0285466451,340.095119807852,0,5315.01292505802,10.771495310352
209.090941638552,339.841325727363,0,5306.93096804596,10.7716371920623
209.153267131599,339.587278260598,0,5298.84662414866,10.7717790757288
209.21551574056,339.332934296964,0,5290.75877525867,10.7719209613515
209.277681568121,339.078283586738,0,5282.66881451732,10.7720628489304
209.339758012094,338.818883386639,0,5274.01322520024,10.7722047384657
209.401739189273,338.536861810368,0,5265.07557366544,10.7723466299573
209.463619843585,338.254485369244,0,5256.1354903027,10.7724885234053
209.525395878935,337.97189834411,0,5247.19377589633,10.7726285517522
209.587062424039,337.688924212088,0,5238.24971771846,10.7727704490873
209.648616180773,337.405665448446,0,5229.30353033065,10.772912348379
209.710053898498,337.12232414783,0,5220.57364743832,10.7730542496272
209.771372956237,336.851909340017,0,5212.04424581921,10.7731942856718
209.832570806825,336.581189006735,0,5203.5132321429,10.7733361908074
209.89364478546,336.310181190696,0,5194.97928634798,10.7734780978997
209.954593366964,336.038835780532,0,5186.44307600067,10.7736200069487
210.015414787717,335.767218107533,0,5177.90385594266,10.7737600506917
210.076107077002,335.490368853258,0,5169.02164967707,10.7739019636285
210.136668327513,335.206076088628,0,5160.10423682665,10.7740420112082
210.19709679176,334.921503474014,0,5151.18497995392,10.7741820606936
210.257390083853,334.636588069158,0,5142.26285251114,10.7743239794495
210.317546137347,334.351373133005,0,5133.33879844111,10.7744640327719
210.377562224706,334.06582380305,0,5124.39736009645,10.7746059554159
210.437434457748,333.775882341387,0,5115.2492434124,10.7747460125754
210.497160090532,333.482602758753,0,5106.09973332495,10.7748860716407
210.556734799958,333.188982171267,0,5096.94778572302,10.7750280001045
210.616154697684,332.89503225603,0,5087.79462146957,10.7751680630072
210.675414334363,332.600787820046,0,5078.63855826133,10.7753081278159
210.734509762798,332.306162124092,0,5069.51827563206,10.7754481945307
210.793437908705,332.027276115257,0,5061.2752068711,10.7755882631515
210.852197343591,331.761769521309,0,5053.03008017049,10.7757302012984
210.910785720465,331.495955793764,0,5044.78150535747,10.775870273757
210.969201665828,331.229852382816,0,5036.53056177555,10.7760103481219
211.027443138774,330.963414267795,0,5028.27761064039,10.7761504243929
211.085508130287,330.696595538565,0,5019.79832743062,10.7762905025703
211.143395362126,330.415217015497,0,5011.09991533926,10.776430582654
211.201102903625,330.133507825998,0,5002.39929620817,10.776570664644
211.258629786475,329.851473968206,0,4993.69643481099,10.7767107485405
211.315974982443,329.569121169105,0,4984.99144672416,10.7768508343434
211.373137507551,329.2864433432,0,4976.28439399146,10.7769890542042
211.43011724442,329.003471391665,0,4967.59253402101,10.7771291437947
211.486914153395,328.725861624039,0,4959.19607308309,10.7772692352918
211.543528217972,328.45257832602,0,4950.79671564559,10.7774093286955
211.599960662919,328.17896721173,0,4942.39483292366,10.7775494240058
211.656212165231,327.904996529534,0,4933.99095354846,10.7776895212229
211.712283828043,327.630750238722,0,4925.58473361633,10.7778277523458
211.768177170703,327.356164476713,0,4917.17646321829,10.7779678533508
211.823893692292,327.081293844188,0,4908.76496552001,10.7781060882113
211.879435310556,326.80608421581,0,4900.35201048199,10.7782461930046
211.934803682613,326.530575037052,0,4891.93624125316,10.7783862997048
211.989999999485,326.254742802582,0,4883.51856562437,10.7785245401846
212.045025998089,325.978590101903,0,4875.09787661186,10.7786646506732
212.099883293883,325.702114668716,0,4866.67529145291,10.778802894891
212.15457333805,325.429178664883,0,4858.4942518539,10.7789430091682
212.209096361093,325.160508384182,0,4850.32192748599,10.7790831253525
212.263453774047,324.891496135754,0,4842.14690401813,10.7792213751901
212.317645409832,324.622234852224,0,4833.96925824357,10.7793596268843
212.371672048747,324.352650480313,0,4825.78637840995,10.7794978804353
212.425533651421,324.080066718403,0,4817.44967674522,10.7796380041719
212.479229397424,323.804683334289,0,4809.11028682406,10.7797762614614
212.532758859566,323.528980088203,0,4800.76867791289,10.7799163889872
212.586120815659,323.252957065396,0,4792.42507578863,10.7800546500153
212.639314456101,322.976649112332,0,4784.07914684084,10.7801929129003
212.692338575849,322.699994238369,0,4775.73028490634,10.7803311776422
212.745192042907,322.423027803513,0,4767.37991138769,10.780469444241
212.7978732394,322.143191466482,0,4758.79409714916,10.7806095812022
212.85038121258,321.855053218647,0,4750.12451940565,10.7807478515401
212.902714176553,321.566557140044,0,4741.45325023774,10.780886123735
212.954871319084,321.277740300548,0,4732.77993601607,10.781024397787
213.006851720785,320.988579748054,0,4724.08574535022,10.7811626736961
213.058654323352,320.694835417742,0,4715.19265741657,10.7813009514624
213.110278356164,320.397747159331,0,4706.2978761046,10.7814392310859
213.1617232899,320.100310778428,0,4697.40091002139,10.7815775125666
213.212989185696,319.802524017152,0,4688.50228825933,10.7817157959045
213.264075895676,319.504388829632,0,4679.60189130565,10.7818540810998
213.314983668006,319.205933713317,0,4670.69978897669,10.7819923681524
213.365712906661,318.907112757298,0,4661.79583159566,10.7821306570624
213.416264218336,318.607955016879,0,4653.012520605,10.7822689478298
213.466638391473,318.317693119144,0,4644.40593263821,10.7824072404547
213.516836155864,318.028033466897,0,4635.79755341704,10.782545534937
213.566858685792,317.738035135432,0,4627.18668475491,10.7826819623951
213.616707055711,317.447658934869,0,4618.57450588851,10.7828202605674
213.666382096577,317.15717331387,0,4609.97045304824,10.7829585605974
213.715885040904,316.866503782373,0,4601.36426794634,10.783096862485
213.765216446072,316.575506827282,0,4592.75656000408,10.7832351662302
213.814377248542,316.284125589597,0,4584.14625473751,10.7833716028262
213.863367877596,315.992437072131,0,4575.5340997224,10.7835099102618
213.912188886661,315.700401821307,0,4566.9203557974,10.7836482195552
213.960840452723,315.407994394626,0,4558.30427915487,10.7837846616245
214.009322975312,315.115263288339,0,4549.68642004114,10.7839229746085
214.057635932048,314.819115439237,0,4540.87832473917,10.7840594203185
214.105779231037,314.518914044103,0,4532.05975963804,10.7841977369933
214.153752128709,314.218383063207,0,4523.23905915208,10.784336055526
214.201553882185,313.917467613799,0,4514.41716256784,10.7844725067099
214.249184162834,313.614162173561,0,4505.44838923845,10.7846089597019
214.296641766413,313.306677991187,0,4496.45263328264,10.7847472837585
214.343925913701,312.998855492869,0,4487.45546208706,10.7848837403918
214.391035400833,312.6906564225,0,4478.45678142912,10.7850220681396
214.437969089227,312.382085451304,0,4469.4564950628,10.7851585284143
214.484725962327,312.073146646608,0,4460.45415808505,10.7852968598534
214.531305287614,311.763848605065,0,4451.45071949437,10.7854333237695
214.577706178165,311.454173904603,0,4442.44596194301,10.7855697894941
214.62392764996,311.144109868874,0,4433.33939530177,10.785708126458
214.669968973749,310.825710194864,0,4424.07112370152,10.7858445958243
214.715829783161,310.505905519402,0,4414.80211630464,10.7859829364798
214.761509597295,310.185708184856,0,4405.53190466994,10.786119409488
214.807008609683,309.865299738863,0,4396.33677641535,10.7862558843048
214.85232653745,309.549309407958,0,4387.20626425568,10.7863923609302
214.897463630878,309.232941035352,0,4378.07409003563,10.7865288393643
214.942419721842,308.916165337986,0,4368.94071962917,10.7866653196071
214.98719547803,308.599012543978,0,4359.80611539679,10.7868036712884
215.031791239549,308.281473456996,0,4350.66961363202,10.7869401551735
215.076207635516,307.963558171478,0,4341.53194173356,10.7870766408675
215.120444845142,307.64525399845,0,4332.39318732754,10.7872131283703
215.164503492436,307.326550504726,0,4323.25246750272,10.787349617682
215.208383817709,307.00614226209,0,4313.97362252371,10.7874861088026
215.25208650434,306.679716061665,0,4304.63249866897,10.7876226017322
215.29561214503,306.352874159201,0,4295.29007343412,10.7877590964708
215.338960913456,306.02563761235,0,4285.95223878452,10.7878955930185
215.382132196922,305.699181661509,0,4276.66323617159,10.7880320913752
215.425126955065,305.373126595386,0,4267.37292659609,10.7881704614189
215.467944353883,305.046644770521,0,4258.08168944193,10.788305093516
215.510584346439,304.719793509663,0,4248.78914780763,10.7884415973001
215.553046514426,304.392514863879,0,4239.49525485525,10.7885781028935
215.59533035064,304.064835058105,0,4230.20020157692,10.7887146102961
215.6374351159,303.736760141623,0,4220.90405937238,10.788851119508
215.679360344462,303.408250966792,0,4211.60643771593,10.7889876305293
215.721105194163,303.079351584695,0,4202.30797412095,10.7891241433599
215.762668496416,302.752834055093,0,4193.18949125137,10.7892587879241
215.80404971471,302.430478091427,0,4184.09388492175,10.7893953043487
215.845247759546,302.107711910662,0,4174.99743390817,10.7895318225828
215.886261577402,301.784407557357,0,4165.83372161048,10.7896683426264
215.927090449977,301.456357315427,0,4156.60916134832,10.7898048644796
215.967733468185,301.127899887914,0,4147.38356694789,10.7899395179429
216.008190014828,300.79902584901,0,4138.15687960049,10.7900760433905
216.048459484944,300.469731492398,0,4128.9288342041,10.7902125706477
216.088541305689,300.140042693003,0,4119.69950980018,10.7903490997146
216.128435000749,299.809925020129,0,4110.46906283847,10.790483760293
216.168139865238,299.479409670444,0,4101.23723877419,10.7906202929546
216.207655994726,299.148447164755,0,4092.00486626977,10.7907549570785
216.246983137488,298.817067953279,0,4082.77101956913,10.7908914933349
216.286121324095,298.491786204727,0,4073.91695131792,10.7910280314011
216.325070447454,298.174200412551,0,4065.08453457744,10.7911627008558
216.363830684769,297.856226536534,0,4056.25013263989,10.7912992425171
216.402402121718,297.539817421553,0,4047.55578078295,10.7914339155176
216.440784747067,297.22730312251,0,4038.89148321655,10.7915704607741
216.478978530832,296.914398693051,0,4030.22573376936,10.7917051373207
216.516983552533,296.601118790409,0,4021.5584541437,10.7918416861725
216.554799875314,296.287404867015,0,4012.88959696586,10.7919763662651
216.592427267054,295.973341427539,0,4004.21944889613,10.7921129187124
216.629865828476,295.658836521132,0,3995.54752337874,10.7922476023514
216.667115220186,295.343939978108,0,3986.87411805755,10.7923841583943
216.704175242828,295.028678061605,0,3978.19948342163,10.7925188455797
216.741045512945,294.712985091531,0,3969.52294652909,10.7926535345261
216.777725842099,294.394475803596,0,3960.69204133214,10.7927900959502
216.814215458887,294.071610388405,0,3951.8394199115,10.7929247884433
216.850513721005,293.748342673575,0,3942.98548979475,10.7930594826975
216.886619782651,293.421114878807,0,3933.93066341151,10.7931960495032
216.922532929635,293.089440093641,0,3924.86884066521,10.7933307473043
216.958252150163,292.757347924865,0,3915.80591768364,10.7934654468666
216.993776924109,292.424845201848,0,3906.74148596625,10.7936020190542
217.029106307045,292.091894913897,0,3897.67634001165,10.7937367221636
217.064239040617,291.75851070821,0,3888.60982795071,10.7938714270342
217.099174500569,291.424714228213,0,3879.54212540376,10.7940080046042
217.133911935509,291.090472688348,0,3870.47325373674,10.7941427130221
217.168450400472,290.755783165468,0,3861.4034392396,10.7942774232015
217.202789105692,290.420669594041,0,3852.33282342623,10.7944121351424
217.236927253582,290.087456819741,0,3843.48317433975,10.7945487198808
217.270864396601,289.763359876279,0,3834.72926090274,10.7946815643087
217.304599858437,289.438865946362,0,3825.97395817598,10.7948181526192
217.338133305571,289.114023033091,0,3817.22243918513,10.7949528716309
217.371463879658,288.788849614983,0,3808.46916719468,10.7950875924042
217.404591514571,288.463252710673,0,3799.71521910478,10.7952223149391
217.437515680068,288.137235628767,0,3790.9598576338,10.7953570392359
217.470235910653,287.810794269745,0,3782.20280735055,10.7954917652943
217.502751910213,287.483910222797,0,3773.44476427301,10.7956264931146
217.535063928466,287.156620444759,0,3764.68561287667,10.7957612226967
217.567171373371,286.828908662548,0,3755.9251163943,10.7958959540407
217.599074070498,286.500727825828,0,3747.16311531479,10.7960325584521
217.630771685375,286.172143344104,0,3738.40009418631,10.7961654220144
217.662263588271,285.843110340202,0,3729.68131668482,10.7963001586441
217.693549738243,285.517602540375,0,3721.03374123399,10.7964348970359
217.724629733777,285.192185596162,0,3712.38504696882,10.7965696371897
217.755502921198,284.858375672573,0,3703.23610744986,10.7967043791056
217.78616867074,284.510125990145,0,3694.00595996669,10.7968391227836
217.81662646896,284.161404850154,0,3684.77553635382,10.7969738682238
217.846875741948,283.812223701564,0,3675.5437769657,10.7971086154261
217.876915368483,283.462562366554,0,3666.31169132993,10.7972433643906
217.906744979144,283.11243781754,0,3657.0787283458,10.7973781151174
217.936363602616,282.761851922354,0,3647.84490487713,10.7975109960321
217.965770274035,282.410781547047,0,3638.61050092464,10.7976476218579
217.994964000919,282.059206415298,0,3629.37545486493,10.7977805062482
218.023943755036,281.707203074338,0,3620.13924416085,10.7979152639999
218.052708899257,281.354693467802,0,3610.90258371807,10.7980500235139
218.081258312921,281.009167649387,0,3602.07869944873,10.7981847847904
218.109591101134,280.672618046837,0,3593.27973260393,10.7983195478294
218.137706351769,280.335825185969,0,3584.515868749,10.7984524408855
218.165602934948,280.000743539906,0,3575.77673115989,10.7985872074251
218.193280205761,279.665229654939,0,3567.03596759704,10.7987219757273
218.22073688175,279.329258866542,0,3558.29468373198,10.7988567457921
218.247972570499,278.992782341225,0,3549.55169457826,10.7989896457766
218.274986547605,278.655900689822,0,3540.80829146202,10.7991244193423
218.301778174903,278.318557925994,0,3532.06355162314,10.7992591946707
218.328346705368,277.980775227612,0,3523.31802740972,10.7993920998457
218.3546914887,277.642482618432,0,3514.57129440142,10.7995268786752
218.380811771975,277.303772871684,0,3505.82349141466,10.7996616592675
218.406706722308,276.964596055548,0,3497.0754362467,10.7997964416227
218.432376250876,276.624914885894,0,3488.32195919089,10.7999293537271
218.457819951279,276.284502499195,0,3479.56222964393,10.8000641395837
218.48303668376,275.943555446938,0,3470.87235772423,10.8001970551408
218.508026192163,275.61273395866,0,3462.50873836037,10.8003318444989
218.53278794727,275.286482241649,0,3454.14356704475,10.8004666356199
218.557320794623,274.959799573444,0,3445.77743687842,10.8005995563686
218.581656186641,274.632643403152,0,3437.40983910149,10.8007343509914
218.605803128535,274.30506507192,0,3429.04148312786,10.8008672751932
218.629758755048,273.977014919876,0,3420.6717768918,10.8010020733178
218.653519992292,273.648534528005,0,3412.30036770646,10.8011368732056
218.677082500251,273.319567974678,0,3403.92821660033,10.8012698025994
218.700441234317,272.990197314263,0,3395.55440251052,10.8014046059893
218.723591256116,272.660317404048,0,3387.18027566711,10.8015375388365
218.746526753167,272.330038357962,0,3378.80429058091,10.8016723457286
218.769242390253,271.996668700981,0,3370.15962302382,10.8018052820294
218.791732757941,271.649421572043,0,3361.37810481607,10.8019400924238
218.813993031545,271.3023453475,0,3352.68936617288,10.8020730321784
218.836019005637,270.960198224831,0,3344.05888914934,10.8022078460752
218.857807214199,270.617553512631,0,3335.42733178288,10.8023407892836
218.879354686271,270.274458811948,0,3326.79466365348,10.802475606683
218.900659451141,269.93084570975,0,3318.16106630408,10.8026085533455
218.921719601421,269.58679625678,0,3309.52663352713,10.8027433742475
218.942535176856,269.2422011638,0,3300.89120629884,10.8028763243642
218.963106120315,268.897159913989,0,3292.25504359615,10.8030111487691
218.983433653097,268.551616029285,0,3283.61796317447,10.80314410234
219.003519702005,268.205599861491,0,3274.9798761569,10.803277057626
219.023366080395,267.859052457508,0,3266.34071813186,10.8034118872732
219.042975593458,267.512061954564,0,3257.70102486014,10.8035448460137
219.06235077827,267.159797683645,0,3248.76138023299,10.8036796791641
219.081494205746,266.797086617017,0,3239.75679299165,10.8038126413591
219.100408721428,266.436612935108,0,3230.90738079778,10.8039456052695
219.119096807753,266.07989129152,0,3222.07502975489,10.8040804436627
219.137560565477,265.722675284392,0,3213.24220821843,10.8042134110279
219.155801408452,265.364902699972,0,3204.40869889804,10.8043482529246
219.173820452567,265.006620034056,0,3195.57439398207,10.8044812237447
219.191618175306,264.647845699139,0,3186.73946611676,10.8046160691451
219.209194295053,264.288518910491,0,3177.90389678418,10.8047490434203
219.226547680961,263.928661150378,0,3169.06749237585,10.804882019411
219.243676523554,263.568290225191,0,3160.23092760483,10.8050149971172
219.260578964091,263.207375072384,0,3151.39338134753,10.8051498495009
219.277251793879,262.845959490755,0,3142.55476071569,10.8052828306625
219.29369145869,262.483983876158,0,3133.71592203318,10.8054158135397
219.309895197364,262.117597624132,0,3124.64778404194,10.8055506711673
219.325858415848,261.743421879646,0,3115.54072395375,10.8056836575001
219.341577335737,261.370763099571,0,3106.52587007941,10.8058166455486
219.357047609232,260.999398883814,0,3097.51075525582,10.8059496353128
219.372265604641,260.627479312893,0,3088.4949332074,10.8060844999246
219.387227549544,260.255005525798,0,3079.47908048029,10.8062174931447
219.401929785005,259.88198667074,0,3070.46197149635,10.8063504880807
219.416370953367,259.508382402534,0,3061.44539145206,10.8064834847326
219.430549598763,259.134205801249,0,3052.42788690445,10.8066183563291
219.444465390522,258.759498842863,0,3043.40990483703,10.8067513564371
219.458118882747,258.384148949554,0,3034.39180488,10.8068843582611
219.47151019773,258.008296052414,0,3025.37303889822,10.8070173618011
219.484640295226,257.631836803523,0,3016.35384052945,10.8071503670572
219.497511019664,257.254799373977,0,3007.33437728323,10.8072852473793
219.51012375243,256.877443138366,0,2998.35154273163,10.8074182560918
219.522481355043,256.501872881114,0,2989.39345653518,10.8075512665205
219.534586113173,256.128980586374,0,2980.5898790519,10.8076842786654
219.546440960798,255.758857763821,0,2971.78718441341,10.8078172925265
219.558048461175,255.388176923161,0,2962.98433595127,10.807952181575
219.569411227397,255.0169277449,0,2954.18076500448,10.8080833253977
219.580532037722,254.645099185179,0,2945.37683808256,10.8082182179272
219.59141318349,254.272700982152,0,2936.57232581417,10.8083512386778
219.602056382534,253.899735583803,0,2927.76773862646,10.8084842611448
219.612463463839,253.526198730928,0,2918.96212816075,10.8086172853282
219.622635649294,253.152058133411,0,2910.15660078544,10.8087503112282
219.632573751961,252.777360600724,0,2901.35019518586,10.8088833388446
219.642278109958,252.402068922681,0,2892.54322123504,10.8090163681776
219.651748365678,252.026171114168,0,2883.73626933841,10.8091493992271
219.660984219471,251.649722395082,0,2874.88817141962,10.8092824319933
219.66998475271,251.269020198434,0,2865.9919195557,10.8094154664761
219.678748738392,250.885379837747,0,2856.95889678481,10.8095485026756
219.687275188787,250.495885874932,0,2847.89015778783,10.8096815405918
219.695562242972,250.105750708655,0,2838.8205126297,10.8098145802247
219.703608410943,249.715008330946,0,2829.75129073707,10.8099494954085
219.711412076702,249.323623467213,0,2820.68178921787,10.8100806646409
219.718972066868,248.931604122092,0,2811.61212925275,10.8102155833067
219.726286279456,248.538976896102,0,2802.5424224661,10.8103486298311
219.733354438985,248.145692267446,0,2793.47249613178,10.8104798041415
219.740175064367,247.75176287179,0,2784.40278992313,10.8106147280306
219.746747937405,247.357208360857,0,2775.33237124525,10.8107459057266
219.753072321658,246.961995190433,0,2766.26242618088,10.8108789590947
219.759148859759,246.566152900728,0,2757.19205653644,10.8110120141797
219.764977663618,246.169644548673,0,2748.10918990104,10.8111450709819
219.770560034465,245.766854955708,0,2738.80793435813,10.8112781295012
219.77589693666,245.358868512122,0,2729.4977441167,10.8114111897375
219.780989000768,244.949310787436,0,2720.17527664977,10.8115442516911
219.785838675494,244.538991928834,0,2710.85284677625,10.8116773153619
219.79044749848,244.128016859378,0,2701.53089889803,10.8118103807499
219.794817395729,243.716297859578,0,2692.20882908034,10.8119434478552
219.798950112286,243.303883604463,0,2682.88718278497,10.8120765166778
219.802847947499,242.890800809208,0,2673.56535987149,10.8122077129728
219.806512472827,242.476986005199,0,2664.24401099083,10.8123407852059
219.809945332703,242.06246849807,0,2654.92267015926,10.8124738591564
219.813148257941,241.647241809456,0,2645.601847691,10.8126069348244
219.816121671172,241.231283710043,0,2636.28116954595,10.8127400122098
219.818866885892,240.8146361332,0,2626.96065695176,10.8128730913127
219.821384445824,240.397252996853,0,2617.64031303674,10.8130042977435
219.823674702344,239.979148613639,0,2608.26952903136,10.8131373802573
219.825737932581,239.555688224154,0,2598.84614587866,10.8132704644888
219.82757372801,239.131211127549,0,2589.41206622694,10.8134035504378
219.829181816948,238.705609975995,0,2579.97655719344,10.8135366381046
219.830561444105,238.279261714107,0,2570.54149105807,10.813669727489
219.83171237395,237.852174076672,0,2561.10678720975,10.8138009440567
219.832633320826,237.424300691218,0,2551.67231231066,10.8139340368525
219.833323252948,236.995693240296,0,2542.23867512227,10.8140671313661
219.833781349206,236.566289198106,0,2532.80502138264,10.8141983529907
219.834006878101,236.136119622554,0,2523.37203826348,10.8143314509158
219.83399890984,235.705176295476,0,2513.93935800961,10.8144645505588
219.833757125211,235.273445840548,0,2504.50709340454,10.8145976519197
219.833281189397,234.840950322987,0,2495.07531911077,10.8147288802954
219.832570789577,234.407648907022,0,2485.64438290917,10.8148619850681
219.831625659789,233.973568945294,0,2476.21373722062,10.8149950915588
219.830446149103,233.540763239048,0,2466.91101599985,10.8151281997676
219.829032687533,233.112788272505,0,2457.65764009219,10.8152613096945
219.827385965558,232.686003345953,0,2448.45798701036,10.8153925465157
219.825507073992,232.259444345593,0,2439.25920361583,10.8155237850069
219.823397042802,231.832109682313,0,2430.06058625679,10.8156569000399
219.821057089145,231.404011195777,0,2420.86232245772,10.8157900167912
219.818488455075,230.975099680062,0,2411.66423545813,10.8159212603407
219.815692744643,230.545407235411,0,2402.46675970743,10.8160543805043
219.812671156743,230.114920352741,0,2393.26979346154,10.8161875023862
219.809424591455,229.683632158727,0,2384.07280292641,10.8163187509943
219.8059545174,229.251562326848,0,2374.87661550369,10.8164518762887
219.802262386605,228.818637348306,0,2365.68092626904,10.8165850033016
219.798349186012,228.384942275043,0,2356.48520315113,10.8167162569685
219.794215862458,227.950405639573,0.0279852180809627,2347.29029047163,10.8168493873942
219.779950804465,227.515080641948,0.0567839890644009,2338.09565573966,10.817070650213
219.74535519554,227.082504407142,0.037404493046852,2328.985121242,10.8174700603702
219.707135319891,226.653810994584,0.0128690572415653,2319.93621866684,10.817899490423
219.68403822404,226.230201766993,0.0555758849236231,2311.04126326321,10.8181901628328
219.653996955096,225.806707071785,0.117757567871599,2302.14702132205,10.818538980538
219.58630895475,225.385270471966,0.0782164836470423,2293.25510116387,10.8192178961314
219.510119760908,224.967216498225,0.00430521226168668,2284.36618158047,10.8199700067362
219.473231698912,224.545851459089,0.0915915322641713,2275.47956577421,10.8203620262735
219.430687071354,224.118884542792,0.237609980535092,2266.59363308968,10.8207972041655
219.304954756293,223.696911178701,0.128705640603977,2257.71194564388,10.8219696497561
219.166349014722,223.28380145973,0,2248.83660088002,10.8232491744381
219.11073125855,222.862935842549,0.196132276742031,2239.96444810403,10.8237857965371
219.029578198387,222.433030950809,0.425544954620921,2231.09434909641,10.8245382402626
218.800501150784,222.01515506905,0.143995985477457,2222.23174616124,10.8266269813661
218.59130822262,221.611642272348,0,2213.37988955714,10.8285415629191
218.529282249034,221.18938634715,0.352440692391818,2204.53152616718,10.8291291479055
218.391711536233,220.754628499222,0.609990138599461,2195.55276709876,10.8303757648552
218.046738013141,220.336357162007,0.0916445137734777,2186.53341444419,10.8335361629248
217.795495349944,219.928094021866,0,2177.33911699697,10.8358652989195
217.752224927021,219.481844187791,0.568109659685349,2168.14831869525,10.836287980739
217.540012746337,219.029006850016,0.74715671384703,2158.96306031884,10.8382175082307
217.078137842602,218.612086448265,0,2149.79565334553,10.8425118601434
216.817523979903,218.206370767546,0,2140.64524187543,10.84498403666
216.807963599216,217.752341809847,0.791950485916573,2131.49660137121,10.8451137717705
216.519768670377,217.297589407095,0.839582545879431,2122.35412536911,10.8477539532466
215.953681234112,216.892811058348,0,2113.23486431944,10.8530401049066
215.668476414206,216.490853664679,0,2104.13519098365,10.8558065362263
215.662857240799,216.035179495307,0.861891533132752,2095.03603591654,10.8559269963221
215.353586098698,215.578814890038,0.910698927861927,2085.94399157818,10.8587902191126
214.742789283918,215.176509144852,0,2076.87691972801,10.8645284643472
214.438174582097,214.777113594819,0,2067.83000345354,10.8675222036998
214.43623222032,214.319973450825,0.922118521982918,2058.69238409062,10.867642800415
214.108636060204,213.850923930095,0.995458609293166,2049.39683968166,10.8706996430766
213.451701260252,213.437398918237,0,2040.11896774231,10.8769027973021
213.12257747799,213.027386874616,0,2030.85459440248,10.8801680179874
213.123265774828,212.554774711504,1,2021.59186996624,10.8802887622555
212.770366446887,212.081429375462,1,2012.33691161766,10.8835965712675
212.087229253188,211.669764859319,0,2003.11155784177,10.890054846188
211.759906902406,211.258173112346,0,1993.90921682259,10.8933393325167
211.762584316575,210.784189276632,1,1984.70849896595,10.8934583415224
211.411732457254,210.309454197425,1,1975.51549852639,10.8967722527671
210.730817889084,209.895910493621,0,1966.35189735156,10.9032387556007
210.405709782086,209.482433678826,0,1957.21133013139,10.9065274273869
210.410884609676,209.007116698629,1,1948.0725881753,10.9066484795099
210.062251011638,208.530920952692,1,1938.94119675027,10.9099647229562
209.383994826741,208.115556557534,0,1929.83939544437,10.9164546153578
209.061430670158,207.700120074806,0,1920.76054719859,10.9197455915769
209.069791268031,207.223375434184,1,1911.61967115873,10.9198686920891
208.724032844412,206.736901234856,1,1902.34519431088,10.9231853807659
208.048274702747,206.308704307215,0,1893.09610226436,10.9296835590381
207.728764313326,205.879648257943,0,1883.85643398052,10.9329787379532
207.740869190617,205.389468433158,1,1874.61811701045,10.9331000993983
207.398938027157,204.898364482526,1,1865.38775051956,10.936424817483
206.725905873881,204.466964397644,0,1856.18724651507,10.9429312986944
206.409723955008,204.035487170663,0,1847.01042266912,10.9462325876499
206.42593397706,203.543590360505,1,1837.83418737003,10.9463522055267
206.087471899595,203.050745707457,1,1828.66591222095,10.949683072739
205.417216030686,202.617078200288,0,1819.52755057043,10.9561978740053
205.104287063094,202.183286487874,0,1810.41213114141,10.959503385428
205.124207039532,201.689577229604,1,1801.29777600535,10.9596212551771
204.788888242012,201.194966320444,1,1792.19123255275,10.9629563827835
204.121285631613,200.758907084772,0,1783.11417542119,10.9694795188791
203.811315781266,200.322748864989,0,1774.06008260301,10.9727873567219
203.834446971859,199.827197711268,1,1765.00727776415,10.9729091844339
203.501914243854,199.331526782649,1,1756.10778181697,10.9762466770446
202.836783129533,198.907472064278,0,1747.35300280154,10.9827781639747
202.529513995063,198.483335731096,0,1738.59131324524,10.9860902374717
202.555733092625,197.995596455114,1,1729.74277083389,10.9862141272028
202.225643526402,197.505170108375,1,1720.90104656515,10.9895558947619
201.562465851772,197.072160428343,0,1712.08868766215,10.9960804872312
201.257801621397,196.639167575611,0.0571954242927957,1703.29885635606,10.99939870869
201.267035708037,196.147913230344,1,1694.50979691814,10.9997116950583
200.91953368376,195.65890825977,1,1685.72860942094,11.0032410770804
200.258991791235,195.223500128765,0.0492699079946285,1676.97644183063,11.0097761698343
199.940609274221,194.788082694891,0.133772568922823,1668.24719818123,11.0132554596754
199.909727233169,194.297787272524,1,1659.52029514953,11.0139682748432
199.537656831386,193.811285127445,1,1650.80279626488,11.0177491130961
198.880434981247,193.373676527126,0.107329268696248,1642.11431591387,11.024306712099
198.545547830078,192.935945351592,0.19448268913041,1633.44891966321,11.0279783985892
198.477001746467,192.447167591417,1,1624.7874235874,11.0290730755804
198.088402647013,191.962312617211,1,1616.13681138353,11.0330546889001
197.434770831115,191.522426259959,0.166793063864938,1607.51404117746,11.039606604393
197.082277887557,191.079727419596,0.249942274982892,1598.82108752953,11.0434772525627
196.977296080207,190.587123971559,1,1590.13416150119,11.0449454088509
196.573446503042,190.098237965418,1,1581.46398286428,11.0491095037866
195.923685902174,189.651447273421,0.229266361271555,1572.83234876615,11.0556734370261
195.552519073614,189.204817944283,0.298725061792197,1564.22482535068,11.0597516002168
195.41243071436,188.714851714399,1,1555.62435123604,11.0615868138248
194.993815487124,188.227914944822,1,1547.03724757954,11.0659131286649
194.345237168265,187.779233131268,0.266798693623282,1538.47895210655,11.0724914870511
193.962901549367,187.330551896875,0.334273807421064,1529.944895786,11.0766992752226
193.799653903384,186.841128122349,1,1521.41888950393,11.0787759215601
193.371331497474,186.354510355585,1,1512.90690701804,11.0832267191346
192.725313089687,185.903995089968,0.302541163321455,1504.42361129518,11.0898256206163
192.332537634775,185.453385432391,0.368300667284035,1495.96480800444,11.0941578738773
192.146638416745,184.964349531377,1,1487.51478415099,11.0964672171394
191.708819258917,184.478064188287,1,1479.07998338179,11.1010354025558
191.064693025159,184.025577187532,0.33448841585035,1470.67357001663,11.1076378466534
190.662538128473,183.573079605735,0.397247672593219,1462.29195691063,11.1120816618241
190.456674697742,183.084252485853,1,1453.92061406828,11.1145956449761
190.011224085226,182.598082676367,1,1445.59700846893,11.1192682803095
189.36947600663,182.147955259266,0.354332899912062,1437.34190589061,11.1258841766293
188.962443485678,181.698100839784,0.414277370142096,1429.11138191726,11.1304014544077
188.746196281193,181.213361521782,1,1420.93718631461,11.1330396886358
188.297776452607,180.739181726611,1,1412.90461521293,11.1377747147163
187.658890686214,180.298199670436,0.356458650502579,1404.89973563259,11.1444023181026
187.253931173774,179.857216336548,0.415290344631213,1396.91796275903,11.1489392072005
187.040140894116,179.381861992934,1,1388.94657193881,11.1515898606145
186.595209901677,178.908809151247,1,1380.99002628296,11.1563390913578
185.959918188915,178.466104706783,0.380584703776786,1373.06073773629,11.1629784488655
185.550815042398,178.023407127578,0.44006607550424,1365.15505078342,11.1675990226817
185.324772950844,177.54792650263,1,1357.25968563522,11.1704154105123
184.875529790774,177.074762638907,1,1349.37932213501,11.175252749757
184.2437013439,176.630364496004,0.404284251520732,1341.52646864031,11.181906035295
183.83028238389,176.185951974192,0.46168388699955,1333.69663533987,11.1866126701276
183.593413385259,175.710258062858,1,1325.87735786289,11.1895838119989
183.140919381299,175.236782437793,1,1318.07385498204,11.1945019371577
182.512481931361,174.790645344634,0.426562010423471,1310.29710086063,11.2011654903666
182.095078045212,174.344461981231,0.482441597455792,1302.5437442984,11.2059547332375
181.847598152471,173.868485698041,1,1294.80110927485,11.2090715406253
181.39166657599,173.394086996878,1,1287.00093975267,11.2140650310383
180.766481348962,172.937689008459,0.465242490551892,1279.16986062983,11.2207429537897
180.338952317641,172.481216310981,0.52077992976221,1271.36287454958,11.2256698360394
180.06795055329,171.997098388928,1,1263.56838311418,11.2290343879138
179.60195785007,171.513542358351,1,1255.69235884759,11.2341642306579
178.979576808459,171.045736400331,0.506104644174449,1247.79566727555,11.2408568828252
178.540158415193,170.577864312817,0.559495476661747,1239.92374318605,11.2459280138756
178.244437058676,170.084790212805,1,1232.06659432978,11.2495707338714
177.768035915748,169.593650771472,1,1224.22711324471,11.2548377082219
177.148443664834,169.124099070483,0.526017776692968,1216.41596473998,11.2615454752797
176.704122750009,168.654517207519,0.576330723095722,1208.62979212438,11.2666931440108
176.398040082632,168.160986417036,1,1200.85845662653,11.2704644772698
175.919259403611,167.66922540377,1,1193.10573452036,11.2758006927217
175.303173723459,167.198046168656,0.544885330310403,1185.3808604629,11.282527701346
174.855207021676,166.726748881931,0.594699643781498,1177.68154587515,11.2877503633913
174.539438013568,166.232706409455,1,1169.99699143367,11.2916528676601
174.058141864165,165.740433398667,1,1162.33211357181,11.2970606825384
173.445395840221,165.267519943424,0.563726915462648,1154.69486871758,11.303793406667
172.994105289753,164.79457335196,0.611447394713523,1147.08305661927,11.3090914727
172.669845651488,164.300063187293,1,1139.48669811292,11.313119860138
172.186817312104,163.807124003323,1,1131.90940208558,11.3185918051169
171.577353541757,163.33253740897,0.581665130287071,1124.36026533216,11.3253422117832
171.123092860988,162.862779595036,0.617049427108379,1116.98310018645,11.3307101893007
170.794931134152,162.378506367042,1,1109.62990200962,11.3348256466107
170.313798596043,161.895248347679,1,1102.2948368825,11.3403265878103
169.707680816534,161.42989260153,0.572676001460207,1094.98629269993,11.3470908920022
169.260552936857,160.964453117241,0.618672204628015,1087.70867030299,11.3524403181441
168.939359680424,160.485615343218,1,1080.63142165996,11.356538572582
168.462020275306,160.014574592641,1,1073.57182685193,11.362056745093
167.860136485975,159.561177372191,0.559535684488813,1066.53768614994,11.3688329813561
167.421848090242,159.107684388832,0.604022855144602,1059.52570500283,11.3741498979607
167.11471493495,158.633099709747,1,1052.52754973143,11.3781635746384
166.646212223813,158.159883755964,1,1045.54586209857,11.3836455203743
166.047913938227,157.704685705979,0.573912913212781,1038.58969436551,11.3904355851178
165.608762816748,157.249406728131,0.620499241332299,1031.65616390214,11.3958109189681
165.29474152407,156.773947249116,1,1024.73585640348,11.3999339206801
164.823940750712,156.299914811066,1,1017.83291198907,11.4054846640842
164.228705961868,155.84294060005,0.588668601885542,1010.95525429025,11.4122887320255
163.787408706985,155.385896303848,0.633991452141811,1004.09949857509,11.4177228167382
163.466898885223,154.909542974355,1,997.258140134276,11.4219516928952
162.994696637904,154.434506933846,1,990.433977540699,11.4275557110925
162.402515570802,153.975743382902,0.602931250988575,983.635096459417,11.4343739455873
161.959239619153,153.516861597985,0.647751877303202,976.857852195157,11.439869099369
161.632260179096,153.039575595583,1,970.095362378401,11.4441983849037
161.158748432476,152.563581067663,1,963.350259895786,11.4498619610289
160.569858609337,152.10299760569,0.617732982598883,956.630101696705,11.4566965212421
160.124514886829,151.635275909512,0.6765601102327,949.74266284809,11.4622530871981
159.785566906029,151.14237612359,1,942.867091141758,11.4667391360202
159.306037946277,150.651353042631,1,936.010455079842,11.472508553383
158.721092511666,150.174279040084,0.668308482403423,929.179813190713,11.4793596818957
158.261246186147,149.697091508345,0.710987466707833,922.373024284258,11.4850979740725
157.89603210061,149.20476359537,1,915.582877519191,11.4898795818143
157.407677618796,148.714478838599,1,908.875587546616,11.4957795894544
156.824998212705,148.243654110323,0.665246504642477,902.234576108283,11.5026457111002
156.368225382507,147.77276087193,0.704472830623129,895.616645852802,11.508388553075
156.009678347013,147.286740136312,1,889.014969290467,11.513148565897
155.5275989058,146.801731101919,1,882.431553733768,11.5190394190357
154.948805633019,146.32912897932,0.679998111406076,875.873619390419,11.5259205429755
154.49087178819,145.856356483081,0.720693035057918,869.338650000049,11.5317261193297
154.125352123227,145.369316599848,1,862.819932403043,11.5366009881877
153.641479894463,144.883370527827,1,856.320331048802,11.5425610701379
153.066264247187,144.408959956504,0.695212659294235,849.84570455784,11.5494634138489
152.606135716925,143.934330681226,0.734780092333167,843.393697999883,11.5553321049871
152.233880696519,143.446288828899,1,836.958891210845,11.5603183994595
151.74870261049,142.959202773968,1,830.542879189597,11.5663380526366
151.17654852429,142.482924152948,0.70964862508702,824.151358415023,11.573251749237
150.71436677689,142.00642306914,0.747940921412643,817.783370971796,11.5791839276769
150.335854579419,141.517276990901,1,811.431924980832,11.584274154115
149.84952743961,141.029011448262,1,805.099625229836,11.5903517163573
149.280444925284,140.550831557522,0.723785786547978,798.792051899713,11.5972809575609
148.816292129759,140.072447173323,0.761236772056652,792.507543176296,11.603274976754
148.431529263839,139.582151461627,1,786.240055592381,11.6084717004855
147.943991309946,139.092669514462,1,779.991750348941,11.6146075247161
147.378070820923,138.612697098327,0.737804387454604,773.776285204221,11.6215524849949
146.912052510691,138.133461738262,0.772565111138682,767.588161244174,11.6276107404515
146.521827286845,137.643032991724,1,761.417111367919,11.6329023659631
146.033864193076,137.153284758384,1,755.265662342077,11.6390927487965
145.47122793023,136.672298845114,0.750165771001308,749.138479931164,11.6460535948929
145.004061041677,136.191130898984,0.786339807477643,743.033974876511,11.6521663127237
144.608177122433,135.699384281744,1,736.947070065653,11.6575614662222
144.119198926533,135.208357344698,1,730.879743926227,11.6638128383897
143.560204224967,134.72542230498,0.76549901295733,724.836761460057,11.670791774656
143.090994055383,134.238428028368,0.809034189426481,718.72181078943,11.676971500984
142.685283860507,133.736700162701,1,712.619879795122,11.6825094232499
142.192412034579,133.236003171623,1,706.538521194831,11.6888507036574
141.637358144831,132.742381176902,0.801832257933326,700.481956617325,11.6958500031609
141.158537071394,132.248499330834,0.836483643211599,694.449029853917,11.7021685667559
140.733817212621,131.746352020585,1,688.435504244058,11.7079398688715
140.234948535501,131.244904985612,1,682.443227510434,11.7143921318641
139.682826012361,130.7493545058,0.816801366821291,676.475663147634,11.7214039885079
139.201249932308,130.253528111269,0.849228811156035,670.531738299062,11.7277927768061
138.770163937883,129.75011859836,1,664.607290540938,11.7336719296383
138.270901674623,129.247273151644,1,658.704058501055,11.7401826169345
137.722578972542,128.749772743994,0.832789568680366,652.825642173411,11.7472133376276
137.238828742395,128.251975935252,0.864550405485797,646.970736106392,11.7536727840961
136.800482676774,127.747310651228,1,641.135591425002,11.7596726976139
136.299972330476,127.243195224951,1,635.32239536359,11.766254507118
135.75544483771,126.743754154308,0.848911079177549,629.533525097417,11.773302252728
135.269340448833,126.243976147694,0.87962486674668,623.768011530745,11.7798328104408
134.823649093805,125.738028358362,1,618.023310711957,11.7859562292212
134.32184987887,125.232597722079,1,612.299816147657,11.7926055084198
133.780959015802,124.731179719919,0.864717545999976,606.601169688511,11.7996725401656
133.292453738064,124.229425108833,0.894283372164218,600.925639790017,11.8062726094203
132.839471005795,123.722140667853,1,595.271169750253,11.8125161214764
132.336343061334,123.215323299148,1,589.638390195672,11.8192312506845
131.798929106112,122.71193325845,0.880060998284825,584.029734362499,11.8263157166031
131.308063938449,122.208279553207,0.908413890888617,578.507054449175,11.8329878114211
130.848097371305,121.711528838333,1,573.064637300209,11.8393500471428
130.343701765046,121.215160865793,1,567.642994875321,11.8461335286574
129.809731958669,120.721650404357,0.879812387665159,562.244647654006,11.8532356316418
129.32210584568,120.227738765532,0.906337949693778,556.868656863342,11.8599243422023
128.866553377057,119.72902688648,1,551.512226329185,11.8662941438224
128.366625929769,119.230614909708,1,546.176849901793,11.8730862353455
127.836250971459,118.735006036241,0.880345368772295,540.864156873198,11.8802060304524
127.352146306093,118.239002153133,0.907555152086122,535.573943642667,11.8869134833272
126.899688471417,117.738223845549,1,530.303310120595,11.8933053916179
126.402951589808,117.237740844056,1,525.053515175707,11.9001185782777
125.87606520156,116.739965232388,0.895175607759993,519.826683394029,11.9072561398955
125.390069984837,116.24178562239,0.922756115692597,514.621354494826,11.9140302525141
124.930238732859,115.739372299002,1,509.428121671663,11.9205442869602
124.431433448342,115.235240490628,1,504.241468035965,11.9274266497689
123.907647313951,114.732882975048,0.915035253571634,499.07736758492,11.9345842654119
123.417275836687,114.230078226829,0.942058092089936,493.935811040923,11.9414463340126
122.946434766908,113.723805754736,1,488.815222224453,11.9481124383578
122.444112276725,113.217825780958,1,483.715561094228,11.955081172668
121.923469190024,112.713273972551,0.933706331942404,478.639018571237,11.9622570148501
121.429203899889,112.208212280128,0.959739232475982,473.584588786587,11.9692034572599
120.948634184077,111.70036016789,1,468.550917799585,11.9760141848902
120.443767503106,111.192728724917,1,463.539401344722,11.9830635995819
119.926769936688,110.685920351658,0.961640319682396,458.550189070636,11.9902558135223
119.425765030751,110.178576389991,0.986920618027305,453.583577999263,11.9973207367503
118.929374412822,109.669423187869,1,448.638203235925,12.0043441020508
118.419495283191,109.160494569254,0.979643057975024,443.715391863836,12.0115063010261
117.914337975289,108.65147848065,0.983852420099641,438.814689742983,12.0186480051372
117.415929704232,108.141215369693,1,433.936040454311,12.0257376497024
116.910664259055,107.630504186674,1,429.079305147985,12.0329033924683
116.401147676691,107.119739634279,0.998132565881915,424.245157863596,12.0401327542196
115.893893032837,106.608420254083,1,419.433086933219,12.0473584810423
115.387709524344,106.09646801454,1,414.643353089341,12.0545889884674
114.881959004518,105.584028368155,1,409.87595983129,12.0618327143197
114.377370489847,105.0709788759,1,405.13110017858,12.0690812414472
113.87387799238,104.557339324422,1,400.408008389757,12.076332463558
113.371468171205,104.043104807978,1,395.70731202059,12.0835906061671
112.870247850567,103.528306568804,1,391.028823659755,12.0908535643943
112.37029364426,103.012864488899,1,386.372384078568,12.098121343034
111.871570629373,102.496776923941,1,381.737935234094,12.1053939468865
111.374018550729,101.980084519512,1,377.125470604398,12.1126713807589
110.877556498008,101.462727194154,1,372.535206704983,12.1199536494644
110.382130257093,100.944737360185,1,367.966776627814,12.1272407578227
109.887682282109,100.426074300499,1,363.420246554655,12.13453271066
109.394154422196,99.9067169436973,1,358.895615123794,12.1418273890881
108.901488744571,99.3867015157556,1,354.393163369736,12.1491311691079
108.409630958706,98.8659658766637,1,349.912145204726,12.1564376844029
107.918529425527,98.3445059187863,1,345.444112469791,12.1637469355817
107.428138289752,97.8202391108726,1,340.990170204896,12.1710631820132
106.938419393515,97.2952489911631,1,336.557796373963,12.178384302014
106.449348603029,96.7695032102827,1,332.147438602755,12.1857103004554
105.960903177582,96.243026092966,1,327.75894164294,12.1930411822152
105.47307171956,95.7157843371199,1,323.392358817742,12.2003769521777
104.98584817343,95.1877159623104,1,319.047376767499,12.2077176152336
104.49923849743,94.6588797275161,1,314.72408735659,12.2150631762803
104.01326406836,94.1292428563328,1,310.422832879471,12.2224115008802
103.527979414821,93.5987651329526,1,306.142724032747,12.2297668711978
103.043458430393,93.0674307623535,1,301.884445946198,12.2371271542359
102.559806754494,92.5352794571281,1,297.647776886472,12.2444902112869
102.077157436884,92.0022180983895,1,293.432401015656,12.2518603331103
101.595528103736,91.4682627782301,1,289.238718989072,12.259235382443
101.11495148808,90.9334014165556,1,285.066299877595,12.2666132162945
100.635656929869,90.3976256592504,1,280.915290953708,12.2739959846745
100.157362886294,89.8609018856274,1,276.785653598025,12.2813836925352
99.6803520347915,89.3232306636753,1,272.677365173469,12.2887763448354
99.204673853588,88.7845763022348,1,268.590203502914,12.2961739465407
98.7304022324984,88.2449496199475,1,264.524559921119,12.3035765026231
98.2573356160007,87.7042531569542,1,260.479609540547,12.3109840180614
97.7856315255071,87.1625447008109,1,256.456249026349,12.3183964978411
97.3153961951427,86.6197722059003,1,252.453749345383,12.3258117874857
96.8464680298901,86.0759543730464,1,248.47216515441,12.3332342094829
96.3788952211391,85.5310106455063,1,244.512065023999,12.3406594484499
95.9125992112393,84.9849522403554,1,240.572866799659,12.3480896688635
95.4475856298877,84.4377736289672,1,236.654419992119,12.355524875738
94.9837496820833,83.8893747270591,1,232.756716255331,12.3629650740951
94.5210274395095,83.3398044153182,1,228.880173541838,12.3704102689626
94.0596074945464,82.7890592973058,1,225.024242731859,12.3778604653755
93.5992076411316,82.2370230952054,1,221.189376822556,12.3853134972816
93.139873094074,81.6837275228119,1,217.375130471657,12.3927737104571
92.6815090106838,81.1291837709459,1,213.586171608651,12.4002367663074
92.2240750545561,80.5747057387015,1,209.822806121316,12.4077048409839
91.7674927483745,80.0189722293125,1,206.079918741714,12.4151779395508
91.3115667966767,79.4617891706171,1,202.3571417653,12.4226560670794
90.8564419994397,78.9032085929697,1,198.655053730588,12.4301392286477
90.402029576337,78.3431469125228,1,194.972957745544,12.4376252480007
89.948102227698,77.7816479803777,1,191.311363803456,12.4451184914401
89.4946995400381,77.2185653887983,1,187.669899481465,12.4526145999126
89.041891234575,76.6539573356676,1,184.048484522384,12.460115759859
88.5897523719194,76.0878113075188,1,180.447353553842,12.4676219763872
88.1379414645734,75.5200084190347,1,176.866618775995,12.4751310659111
87.6864874063708,74.9505251520651,1,173.305774837383,12.4826474094773
87.2352401898942,74.3794135877701,1,169.764944107272,12.4901666333334
86.7842336194815,73.806532698946,1,166.244300050312,12.4976909313114
86.3331898872153,73.23188614157,1,162.743966131704,12.5052203085491
85.8820369649742,72.6555144532615,1,159.263413997018,12.5127525740944
85.4308482694508,72.0772187022701,1,155.803206561483,12.5202921238093
84.979705569952,71.4970895045972,1,152.362881170237,12.5278345691723
84.5287864094114,70.9149590655008,1,148.943006262416,12.5353204961675
84.0830764294622,70.3308232457266,1,145.543026814703,12.5428092402458
83.6361425764792,69.7446473731315,1,142.163589461241,12.5503008020264
83.1875735455073,69.1565021009207,1,138.804154258803,12.5577995920652
82.7375452450892,68.5662574572268,1,135.465070255101,12.5653012069578
82.2854903009208,67.9739706651014,1,132.146041282336,12.5728100631854
81.8310719209402,67.3794618273748,1,128.847297483939,12.5803217514393
81.3745422871472,66.7827706889005,1,125.568939431221,12.5878406941382
80.9155760649846,66.1838392351029,1,122.311006042291,12.5953624760572
80.4542103764359,65.5826312328576,1,119.073284548242,12.6028893116964
79.9903632694064,64.9790176176321,1,115.855965003837,12.6104212061507
79.5242733921161,64.3730327925947,1,112.65912765346,12.6179581645219
79.0557012581738,63.7645893198764,1,109.482578559779,12.6255001919187
78.5848301988861,63.1536156953041,1,106.326738157426,12.6330450736272
78.1117156363805,62.5400889883785,1,103.191594417556,12.6405950316112
77.6363434506404,61.9239257444286,1,100.076869574143,12.6481500709955
77.1586413088789,61.3050855758031,1,96.9829212854384,12.655707972597
76.6789674715632,60.683475492433,1,93.9096093211556,12.6632731886855
76.1975633601656,60.0590404808787,1,90.8571751549607,12.6708390469641
75.7140381797146,59.4317549261798,1,87.8255212132353,12.6784100012062
75.2288339083903,58.8014826168093,1,84.8148385114037,12.6859860565619
74.7418649193376,58.1681446524351,1,81.8249408014817,12.6935649863712
74.2531632247911,57.5316893503238,1,78.8559838297078,12.7011490246061
73.762749079075,56.8919118859517,1,75.9080628787633,12.7087381764331
73.2710035121637,56.2489181929033,1,72.9810682992684,12.7163279743557
72.7776519057498,55.6025223013234,1,70.075336734415,12.7239251280329
72.2831383575901,54.9526056066762,1,67.1906974660233,12.7315251684666
71.7872724860122,54.2991084853252,1,64.3272926481441,12.739128096313
71.2901620176937,53.6418233614351,1,61.4850085616345,12.7467339122271
70.7918619707345,52.9807012840483,1,58.664517825353,12.7543471046421
70.2924884684808,52.3156108576612,1,55.8646019541193,12.7619609470864
69.7916784159405,51.6464451509844,1,53.0864876026753,12.7695799295123
69.2898711575595,50.9729316019056,1,50.3294504756341,12.7772040571264
68.7867999793029,2,1,47.5940080757719,12.7848310851853
68.2826917974668,2,1,44.8799266022397,12.7924632658259
67.7776460152628,2,1,42.1874404379632,12.8000983512727
67.2714137898341,2,1,39.5163666879525,12.8077363421872
66.7639676768817,2,1,36.8669742712518,12.8153794952747
66.2554859141164,2,1,34.2390692672925,12.8230278157702
65.7459098908449,2,1,31.6326783237746,12.8306790498188
65.2350860526413,2,1,29.0480570261134,12.8383354587101
64.723239063988,2,1,26.4851995266508,12.8459970476958
64.2100658219946,2,1,23.9438977196114,12.8536615583488
63.6956925225942,2,1,21.4244036771124,12.8613289913378
63.1800489499757,2,1,18.9265501851914,12.8690038808332
62.663279265065,2,1,16.4505930825835,12.8766794318516
62.1452981164447,2,1,13.9965292786947,12.8843601801027
61.6259666461429,2,1,11.5643809478497,12.8920461308668
61.1053908674059,2,1,9.15394349943381,12.8997372894316
60.5835265935821,2,1,6.7656538017327,12.907431386652
60.0604103041994,2,1,4.39910050923936,12.9151284232041
59.5360323561074,2,1,2.05469101190101,14.3604365080845
